100101000
010100000
100101001
010100001
100101010
010100010
100101011
010100011
100000000
100010100
110000000
010000100
110000000
010000100
100000010
100010101
110000000
010000101
110000000
010000101
100000001
100010111
100000000
011110011
100010110
100000011
100011001
100000010
011110011
100011000
100000110
110000000
000010100
100010110
100001000
110000000
000010100
100011000
100100000
100011100
100000100
100011101
100000100
101000101
111100010
100000101
110000000
000100100
100011100
100001100
001010000
111100001
110000000
010000110
010000111
100001100
110000000
000110001
100011100
101110000
111100000
100000101
100011101
111100101
100000100
001000101
111100101
100000100
110000000
000100101
100011100
100001100
001010000
111100100
110000000
010001000
010001001
100001100
110000000
000110001
100011100
101110000
111100011
100000111
110000000
000001001
100011011
100000110
000001000
100011010
100001010
011111000
001010000
111100110
110000000
010001010
010001011
100001101
110000000
000010001
100011101
100001010
000110100
100011010
110000000
001101101
110000000
001101101
100001101
110000000
000001010
100011010
100011001
110000000
001101001
100100000
001101111
001010000
111100111
100100000
110000000
000110001
100011011
100011010
110000000
010001010
100101100
011001010
100101101
011001011
111000000
