100100100
010100000
100100101
010100001
100000000
100010010
110000000
010000010
110000000
010000010
100000000
011110011
110000000
000010100
100010000
100101110
101000010
111100000
100100000
100010000
100010001
111100001
100111001
101000010
111100010
110000000
000100010
100010011
100100000
100010100
100010101
100000011
001010000
111100011
001010001
111100100
100000001
011110001
110100101
100010101
111100101
100000001
011110001
100010100
110000000
010000000
010000001
100000011
110000000
000110001
100010011
111100110
100000001
011110001
110100101
011100100
100010100
110000000
100000001
000000100
100010001
100000000
000010000
100010000
111100111
100000010
110000000
000111100
110000000
000111101
001010000
111101000
110000000
001100001
001100000
110000000
000110001
111101001
100100110
011000000
100100111
011000001
111000000
