100100000
010100000
100100001
010100001
100100000
100010010
100010011
100100000
100010100
100000000
100010101
100000001
100010110
100000101
101110000
111100000
100000110
001010001
111100001
110000000
010000110
010000101
100000100
110000000
000010001
100010100
100000101
101110000
111100010
100000110
101110001
111100011
100000100
110000000
000011111
100010111
110000000
001100111
110000000
001100111
100000111
100010111
100010010
100110000
110000000
000100100
100010100
100000100
001010000
111100100
110000000
001100001
001100000
100000100
110000000
000110001
100010100
100000100
101110000
111100101
100100110
100010100
100000100
001010000
111100110
110000000
010000000
010000001
100000100
110000000
000110001
100010100
100000100
101110000
111100111
100000010
110000000
000000000
100010010
100100010
011000010
100000001
100010011
100100011
011000011
